!  112  0101001100
"  391  10001100
#  0  00110000101001101001100
$  0  1011100101001101001100
%  0  0001000101001101001100
&  0  10110000101001101001100
'  233  000011100
(  18  0111010011101
)  18  1011010011101
*  0  101000101001101001100
+  0  1001000101001101001100
,  1938  101100
-  292  110011101
.  1512  1100111
/  0  01110000101001101001100
0  2  1101101101001100
1  5  00001101001100
2  1  1010001101001100
3  3  001001101001100
4  4  001101101001100
5  2  0101101101001100
6  2  1101001101001100
7  1  10101001101001100
8  0  0011100101001101001100
9  4  011001101001100
:  40  010110100111
;  56  11101001100
<  0  01101100101001101001100
=  0  11101100101001101001100
>  0  11110000101001101001100
?  67  01010011101
@  0  11000101001101001100
A  312  000100111
B  280  100011101
C  160  1100100111
D  41  110110100111
E  95  0100001100
F  188  000001100
G  18  0011010011101
H  141  0010011101
I  261  110011100
J  93  11110100111
K  1  0010001101001100
L  45  101110100111
M  197  001001100
N  245  010011100
O  80  00110100111
P  50  11100001100
Q  4  111001101001100
R  49  01100001100
S  339  010100111
T  430  11001100
U  15  0101101001100
V  9  11101101001100
W  120  1100011100
X  3  110001101001100
Y  21  1111010011101
Z  0  1001100101001101001100
[  0  0001100101001101001100
\  0  00101100101001101001100
]  0  10101100101001101001100
^  0  0010000101001101001100
_  0  1010000101001101001100
`  0  0100101001101001100
a  10834  1011
b  2029  111100
c  2663  111101
d  6281  0000
e  17214  001
f  2878  01000
g  2761  000111
h  8491  1110
i  7886  0110
j  120  0100011100
k  985  1011100
l  5847  10111
m  3494  00100
n  9253  0101
o  9890  0011
p  2149  001101
q  153  0100100111
r  7643  0010
s  7685  1010
t  11515  1111
u  3428  11000
v  1192  1011101
w  3518  10100
x  274  000011101
y  2173  101101
z  45  001110100111
{  0  100000101001101001100
|  0  0111100101001101001100
}  0  000000101001101001100
~  0  1111100101001101001100
